1;2021-04-23-14;19;19
1;2021-04-24-14;19;19
1;2021-04-25-14;19;19
1;2021-04-26-14;19;19
1;2021-04-28-14;19;19
1;2021-04-30-14;19;19
2;2021-04-24-14;12;12
2;2021-04-25-14;12;12
2;2021-04-27-14;12;12
2;2021-04-29-14;12;12
3;2021-04-23-14;150;150
3;2021-04-24-14;150;150
3;2021-04-25-14;150;150
3;2021-04-26-14;150;150
3;2021-04-27-14;150;150
3;2021-04-28-14;150;150
3;2021-04-29-14;150;150
3;2021-04-30-14;150;150
4;2021-04-24-14;150;150
4;2021-04-26-14;150;150
4;2021-04-28-14;150;150
4;2021-04-30-14;150;150
5;2021-04-23-14;19;19
5;2021-04-26-14;19;19
5;2021-04-28-14;19;19
5;2021-04-30-14;19;19
6;2021-04-25-14;19;19
6;2021-04-27-14;19;19
6;2021-04-29-14;19;19
7;2021-04-23-14;100;100
7;2021-04-24-14;100;100
7;2021-04-25-14;100;100
7;2021-04-26-14;100;100
7;2021-04-27-14;100;100
7;2021-04-28-14;100;100
7;2021-04-29-14;100;100
7;2021-04-30-14;100;100
8;2021-04-23-14;65;65
8;2021-04-25-14;65;65
8;2021-04-27-14;65;65
8;2021-04-29-14;65;65
9;2021-04-24-14;19;19
9;2021-04-25-14;19;19
9;2021-04-26-14;19;19
9;2021-04-27-14;19;19
9;2021-04-28-14;19;19
9;2021-04-29-14;19;19
9;2021-04-30-14;19;19
10;2021-04-24-14;20;20
10;2021-04-26-14;20;20
10;2021-04-28-14;20;20
10;2021-04-30-14;20;20
11;2021-04-23-14;8;8
11;2021-04-24-14;8;8
11;2021-04-25-14;8;8
11;2021-04-26-14;8;8
11;2021-04-27-14;8;8
11;2021-04-28-14;8;8
11;2021-04-29-14;8;8
11;2021-04-30-14;8;8
12;2021-04-23-14;190;190
12;2021-04-26-14;190;190
12;2021-04-27-14;190;190
12;2021-04-28-14;190;190
12;2021-04-29-14;190;190
12;2021-04-30-14;190;190
13;2021-04-23-14;8;8
13;2021-04-24-14;8;8
13;2021-04-25-14;8;8
13;2021-04-26-14;8;8
13;2021-04-28-14;8;8
13;2021-04-30-14;8;8
14;2021-04-24-14;100;100
14;2021-04-25-14;100;100
14;2021-04-26-14;100;100
14;2021-04-27-14;100;100
14;2021-04-28-14;100;100
14;2021-04-29-14;100;100
14;2021-04-30-14;100;100
15;2021-04-24-14;17;17
15;2021-04-27-14;17;17
15;2021-04-29-14;17;17
16;2021-04-25-14;8;8
16;2021-04-26-14;8;8
17;2021-04-23-14;16;16
17;2021-04-25-14;16;16
17;2021-04-27-14;16;16
17;2021-04-29-14;16;16
18;2021-04-24-14;8;8
18;2021-04-26-14;8;8
18;2021-04-28-14;8;8
18;2021-04-30-14;8;8
19;2021-04-23-14;12;12
19;2021-04-24-14;12;12
19;2021-04-26-14;12;12
19;2021-04-28-14;12;12
19;2021-04-30-14;12;12
20;2021-04-23-14;5;5
20;2021-04-25-14;5;5
20;2021-04-27-14;5;5
20;2021-04-29-14;5;5
21;2021-04-23-14;5;5
21;2021-04-24-14;5;5
21;2021-04-25-14;5;5
21;2021-04-26-14;5;5
21;2021-04-27-14;5;5
21;2021-04-28-14;5;5
21;2021-04-29-14;5;5
21;2021-04-30-14;5;5
22;2021-04-23-14;30;30
22;2021-04-24-14;30;30
22;2021-04-25-14;30;30
22;2021-04-26-14;30;30
22;2021-04-27-14;30;30
22;2021-04-28-14;30;30
22;2021-04-29-14;30;30
22;2021-04-30-14;30;30
23;2021-04-23-14;12;12
23;2021-04-26-14;12;12
23;2021-04-27-14;12;12
23;2021-04-28-14;12;12
23;2021-04-29-14;12;12
23;2021-04-30-14;12;12
24;2021-04-23-14;3;3
24;2021-04-26-14;3;3
24;2021-04-28-14;3;3
24;2021-04-30-14;3;3
25;2021-04-23-14;18;18
25;2021-04-24-14;18;18
25;2021-04-25-14;18;18
25;2021-04-26-14;18;18
25;2021-04-27-14;18;18
25;2021-04-28-14;18;18
25;2021-04-29-14;18;18
25;2021-04-30-14;18;18
26;2021-04-23-14;4;4
26;2021-04-24-14;4;4
26;2021-04-26-14;4;4
26;2021-04-27-14;4;4
26;2021-04-28-14;4;4
26;2021-04-29-14;4;4
26;2021-04-30-14;4;4
27;2021-04-23-14;3;3
27;2021-04-26-14;3;3
27;2021-04-28-14;3;3
27;2021-04-30-14;3;3
28;2021-04-24-14;12;12
28;2021-04-25-14;12;12
28;2021-04-27-14;12;12
28;2021-04-29-14;12;12
29;2021-04-23-14;12;12
29;2021-04-26-14;12;12
29;2021-04-28-14;12;12
29;2021-04-30-14;12;12
30;2021-04-24-14;12;12
30;2021-04-25-14;12;12
30;2021-04-27-14;12;12
30;2021-04-23-14;12;12
31;2021-04-24-14;12;12
31;2021-04-26-14;12;12
31;2021-04-28-14;12;12
31;2021-04-29-14;12;12
31;2021-04-30-14;12;12
32;2021-04-23-14;4;4
32;2021-04-24-14;4;4
32;2021-04-25-14;4;4
32;2021-04-26-14;4;4
32;2021-04-27-14;4;4
32;2021-04-28-14;4;4
32;2021-04-29-14;4;4
32;2021-04-30-14;4;4
33;2021-04-23-14;4;4
33;2021-04-24-14;4;4
33;2021-04-25-14;4;4
33;2021-04-26-14;4;4
33;2021-04-27-14;4;4
33;2021-04-28-14;4;4
33;2021-04-29-14;4;4
33;2021-04-30-14;4;4